# Created by Octave 3.8.1, Fri Apr 10 22:04:56 2015 CEST <magnux@magnux-laptop>
# name: prediccio
# type: matrix
# rows: 1
# columns: 979
 4.625 5 4.884615384615384 4.210526315789473 6.05 5.562500000000001 4.823529411764706 5 4.478260869565218 4.647058823529412 3.95 5 4.884615384615384 3.95 4.052631578947368 5 3.8 3.95 5.125 4.812499999999999 4.318181818181817 5.125 4.739130434782609 4.739130434782609 5 5.423128346281207 4.052631578947368 5.000000000000001 4.59090909090909 4.850000000000001 3.95 5.423128346281207 4.4375 3.5 5.000000000000001 5.125 4.478260869565218 4.437500000000001 4.4 4.11764705882353 4.11764705882353 4.55 5.272727272727273 5.272727272727273 4.4 4.647058823529412 4.647058823529412 5 5 5.166666666666667 4.25 4.318181818181817 4.571428571428573 4.884615384615384 5.473684210526317 4.5 4.052631578947368 4.884615384615384 4.368421052631579 5.375 4.875 4.666666666666667 5 4.318181818181817 4.739130434782609 4.478260869565218 4.142857142857143 4.142857142857143 4.727272727272728 5.528682174294556 5 4.2 4 5 5 5.176470588235294 4.727272727272728 4.318181818181817 4.333333333333334 4.25 5.615390653014604 4.625 4.25 5.172435396145949 5.615390653014604 4.499267939342632 4.428571428571429 5.857142857142858 4.727272727272728 4.727272727272728 5 5 5.25 3.95 4.647058823529412 4.999999999999999 5.272727272727272 4.68421052631579 5 4.625 5.260869565217391 5 3.95 4.727272727272728 5 5 4.55 4.884615384615384 5.130434782608696 4.875 5.714285714285715 4.68421052631579 5 4.470588235294118 4.625 5 5.473684210526317 4.609244471613891 5 5 5.000000000000001 4.625 4.884615384615384 3.95 5 5.214285714285714 4.0625 4.318181818181817 4.625 4.625 4.526315789473685 4.850000000000001 4.318181818181817 4.833333333333334 4.823529411764707 4.318181818181817 4.884615384615384 5.130434782608696 4.4 3.588235294117647 3.833333333333333 5.375 5.473684210526317 5 4.625 4.727272727272728 5.130434782608696 4 6.058823529411765 5.000000000000001 5.000000000000001 5 4.739130434782609 5 4.478260869565218 4.294117647058823 4.739130434782609 5.000000000000001 4.294117647058823 4.684210526315789 3.95 4.76 6.5 3.95 4.4 4.884615384615384 5 5.272727272727273 5 4.428571428571429 5.666666666666667 4.866696308480922 4.428571428571429 4.318181818181817 5 5.857142857142858 5 4.842105263157896 4.4 5 4.318181818181817 4.884615384615384 5 4.857142857142858 4.142857142857143 4.526315789473685 3.764705882352941 4.428571428571429 3.95 4.863636363636364 5 4.142857142857143 5.000000000000001 5 5 5 4.857142857142858 4.25 4.833333333333334 4.850000000000001 5 4.11764705882353 5 4.714285714285715 4.727272727272728 3.95 5 5 5.125 4.842105263157895 5 5.000000000000001 4.55 5 4.571428571428573 5.5625 3.736842105263158 4.25 5 4.875 4.727272727272728 5 4.884615384615384 4.294117647058823 3.588235294117647 5 5.125 4.625 4.210526315789473 4.318181818181817 3.95 5 4.863636363636363 3.95 4.59090909090909 4.863636363636363 4.59090909090909 4.142857142857143 4.318181818181817 5.75 4.666666666666667 5 5.176470588235294 5.272727272727273 5.149999999999999 5 5 4.886460418949721 4.625 4.318181818181817 4.884615384615384 5.285714285714285 4.478260869565218 5.000000000000001 4.428571428571429 4.478260869565218 4.052631578947368 4.4 4.869565217391305 5.615390653014604 4.052631578947368 5 5.521739130434783 3.95 4.571428571428573 4.318181818181817 5 4.4375 3.5 4.428571428571429 5.947368421052631 4.142857142857142 5 5 4.5 5 5.333333333333334 4.55 5.333333333333334 5.529411764705881 5.272727272727272 5.000000000000001 4.25 4.428571428571429 4.318181818181817 4.875 4.850000000000001 5.166666666666667 3.95 4.875 4.478260869565218 6.05 4.052631578947368 4.59090909090909 5 4.930324147851497 3.833333333333333 5.681818181818182 5 4.739130434782609 4.513760727420506 5 4.875 4.55 4.25 4.25 4.318181818181817 4.714285714285715 5.214285714285714 4.863636363636363 5.000000000000001 4.833333333333333 4.4375 4.59090909090909 4.294117647058823 5.833333333333333 4.59090909090909 3.5 5.521739130434783 4.294117647058823 4.166666666666666 4.850000000000001 4.294117647058823 4.59090909090909 5 4.714285714285715 5.285714285714285 4.76 4.318181818181817 4.166666666666666 3.846153846153846 4.884615384615384 5 4.863636363636364 5 5.125 4.625 4.727272727272728 5 5 5.409090909090908 4.428571428571429 4.428571428571429 5 5 5 4.357142857142857 4.625 5.166666666666667 4.526315789473685 4.884615384615384 5 3.736842105263158 5.12 6.05 6 4.516043953334894 5 5.399999999999999 5.399999999999999 5.272727272727272 4.823529411764706 4.052631578947368 4.571428571428573 5 4.142857142857142 5.000000000000001 4.68421052631579 4.666666666666667 4.739130434782609 5.409090909090908 4.647058823529412 4.4 5.571428571428572 5 4.4375 3.839413949126859 5.130434782608696 4.5 5 5 5 4.526315789473685 4.884615384615384 4.470588235294119 4.318181818181817 4.4 5 4.7 5 4.470588235294118 4.884615384615384 4.625 5 4.478260869565218 4.478260869565218 5 5 4.318181818181817 5 5.75 5.705882352941177 4.739130434782609 5.615390653014604 5 5 4.727272727272728 4.727272727272728 4.863636363636364 4.4 5.428571428571429 4 5 5 5 5 4.625 5.000000000000001 4.750525951963312 5.447440173942938 5 5.529411764705883 4.625 4.318181818181817 5 4.513760727420506 4.863636363636364 4.052631578947368 5 5 4.210526315789473 3.95 5.142857142857142 5.529411764705883 4.833333333333333 4.210526315789473 4.142857142857142 5.260869565217391 5 4.833333333333334 4.869565217391305 4.76 5.157894736842105 4.052631578947368 3.95 5 5 4.666666666666667 5 3.95 4.884615384615384 4.166666666666666 5.571428571428572 4.55 3.833333333333333 4.55 6 4.318181818181817 5.272727272727273 4.142857142857142 4.142857142857142 4.0625 4.4 5.260869565217392 5 4.052631578947368 5.260869565217391 4.727272727272728 3.736842105263158 4.625 4.6 5.130434782608696 5 4.625 4.625 4.869565217391305 5 3.588235294117647 5.449999999999999 5 4.571428571428573 4.76 4.884615384615384 4.727272727272728 5 4.666666666666667 5 4.428571428571429 5 5.000000000000001 5.5625 4.11764705882353 4.884615384615384 3.95 3.5 4.142857142857143 4.739130434782609 4.884615384615384 5 4.166666666666666 5.352941176470588 5 4 5.000000000000001 4.875 3.588235294117647 5.315789473684211 6 4.166666666666666 4.55 4.884615384615384 4.884615384615384 4.884615384615384 4.142857142857143 5.631578947368421 5.571428571428572 5.571428571428572 4.571428571428573 4.999999999999999 4.727272727272728 5 5.000000000000001 4.318181818181817 6.5 4.727272727272728 5.529411764705881 4.428571428571429 5.571428571428572 4.428571428571429 4.625 4 5.260869565217392 5 4.850000000000001 4.318181818181817 4.850000000000001 4.739130434782609 4.25 4.727272727272728 5 5.6 4.857142857142858 5 5 5.136363636363637 5 4.625 3.95 4.294117647058823 5.714285714285715 4.76 5 4.76 5 4.437500000000001 4.884615384615384 5.947368421052631 5 5 4.470588235294118 5 5.449999999999999 5.166666666666667 5.000000000000001 5 5 5.449999999999999 5.449999999999999 4.625 5.681818181818182 5.681818181818182 4.052631578947368 4.833333333333333 4.666666666666667 5.947368421052631 5.857142857142859 4.884615384615384 4.625 5 5.857142857142858 6.5 4.318181818181817 6.5 5.409090909090908 5.571428571428572 5 4.428571428571429 4.727272727272728 5.528682174294556 5.409090909090908 5.473684210526317 5.157894736842105 5.24 3.95 5.473684210526317 4.625 4.884615384615384 5 5.272727272727272 4.884615384615384 4.625 5 4 5 4.823529411764706 4.875 4.739130434782609 4.318181818181817 4.727272727272728 4.884615384615384 5 4.526315789473685 5.571428571428571 4.833333333333334 4.785714285714285 5.714285714285715 4.526315789473685 4.5 5.352941176470588 5.142857142857143 3.5 5.260869565217391 5.142857142857143 5.000000000000001 6.166666666666666 5.42174321019105 4.318181818181817 4.318181818181817 5 4.727272727272728 5.136363636363637 4.842105263157895 5.705882352941177 5.5 5 5.375 5 5 5 5.000000000000001 5.285714285714285 4.739130434782609 4.739130434782609 5.681818181818182 5.857142857142858 4.647058823529412 5 5.149999999999999 4.5 