# Created by Octave 3.8.1, Fri Apr 10 22:07:36 2015 CEST <magnux@magnux-laptop>
# name: prediccio
# type: matrix
# rows: 1
# columns: 979
 4.976890710269339 4.977097551509035 4.999999999974521 4.999794696068661 4.999999999999999 4.700000058395087 4.999999999999583 4.999999999999997 4.999999999999997 4.999999999999998 4.999999997040322 4.999998229409921 4.783123704341067 4.999999999997496 4.999999228382521 4.99999999843753 4.644739936624722 4.405152730317316 5.000000000000002 5.000000000000001 4.999999986519704 5.000000000000002 4.744366155899391 4.744366155899391 4.999999999999996 4.999999999999998 4.999992564896815 4.99826731083169 4.705058216628371 4.70150318542894 4.999999999999996 4.998184139809456 4.999999998130668 4.85583478406778 5 3.959364329029104 4.550000030171995 4.999999999999999 4.998760290575436 4.999999820927519 4.999999820927519 4.935602142893824 4.999999999999999 4.999999999999999 4.999999999999996 4.999999999999998 5.000302604246852 4.999999999999997 4.999845432623585 4.999999999999999 4.999979038830444 4.999999999999997 4.908553877563054 5.138679447195379 5 4.700001741629338 4.998789657123106 4.915656200600949 4.700122090754475 4.999999999626993 4.999999996541318 4.699999999907552 4.700054498474366 4.999999170988536 4.999999998438834 4.550351772348119 4.999998450380525 4.999999995323857 4.710856431983463 4.999999999999996 4.999999996340623 4.700001550160398 4.992497957386474 4.999999999999999 5.000000003097182 4.699999999907552 4.70022841633312 4.999999999999999 4.986021718230717 4.699999999909664 4.999999999999996 4.999999422623564 4.997564578371575 4.699999999907554 4.999999999999996 4.999999999999491 4.999989982495488 5.000000000000001 4.999999999999997 4.999999999999997 4.701263122272877 4.701300930764903 4.999987656629124 4.708724691671287 4.699999992807116 5 5.000122285017811 4.999999246283784 4.999976576378294 4.550000043439179 4.999983569311136 4.699999999907552 4.699999999907554 4.70000000001522 4.999999998558964 4.999999999936846 4.999999999416569 4.699999999907552 4.999999999995097 5.279556761064631 4.999999999999996 4.71891968241111 4.997580721597615 4.699999999907552 5 4.999920753843919 4.999999969440301 4.999999999999996 4.999999883580064 4.999999999985849 4.99999999998447 4.699999999907557 4.700291443561325 4.699993989598609 5.000861338493701 5.000000000001 4.999527181098262 4.699999999907552 4.699999606951782 4.699999606951782 4.999999998999486 4.999999999890711 3.925423933001993 4.999992668305788 4.99995544061073 4.999999971121382 4.98805028856466 4.999999745686205 4.699999999907558 4.699988977363615 4.699990161833276 4.999999999999906 4.699418606105204 4.999997881650682 4.5500000000018 4.999999566574965 4.999299555718304 4.699999999907633 4.999999999148215 4.999969562103074 4.999969562103074 4.822176902212994 4.99999999999895 4.999999999999998 5 4.699999999907552 4.700000053239926 3.233018540823375 4.999999999999996 4.999999948578707 4.700002989769606 4.699999941923314 4.999999448951213 4.699999996328608 4.999999999999996 4.999901434286619 5.28881228263207 4.999999999999679 4.859775718002657 4.700000083676674 4.999999989130556 4.999999999971046 4.700032084571065 4.587301773982704 4.716787841992339 4.999999999999995 4.700026313547905 4.700250849694038 4.995542528473431 4.841222358329907 4.332864512903683 4.999998402945877 4.747484058344525 4.999999999999312 4.961895777873162 4.551173607377706 4.700000131386797 4.999999999999999 4.999472529638651 4.999999801315008 4.7000047724487 4.999999791042977 4.995947878245126 4.999999999999999 4.996901870914829 4.921370900272468 4.699999998731453 4.999997381222133 5.134482985350353 4.867032657503521 5 3.96082215230773 4.700000000047708 4.700000000378962 4.991870025836584 4.999999999999996 4.699999999908263 4.699999999907552 4.699994738325268 4.700012125679736 4.999999999999999 4.999999999999998 4.999994558861049 4.999999999999998 4.999999999999994 4.999999999999998 4.612045600878104 4.69902689180295 4.999998709873913 4.999999999999998 4.999999999998605 4.999967715381874 4.553657448365069 4.999999999999998 4.999999999999999 4.999807426312802 4.109106195401028 5 4.700003378720198 4.979571899685794 4.118139792844682 4.999999999996168 4.999978406314477 4.118139792844682 4.999999999999999 4.999999954487826 4.999999999999999 4.999997546561795 4.689193931766015 4.983024710931717 4.999999999979504 4.999999999999995 4.998892541310335 4.550013972506453 4.999999999999997 4.999999999999996 5 4.702651376401363 4.919061268096473 4.999999999999996 4.999876680347366 4.699970392940155 4.999999047634644 4.999999999899794 4.999999999999999 4.999999364041507 4.550000001512089 4.999983073063092 4.825918454735385 5 4.999999999999997 4.999999999999997 4.999996498414361 5.000000000000138 5.000000000000012 4.999999999999997 4.999905353122765 4.999897153476668 3.924296947069473 4.699997868246625 4.999999999999996 4.999479718715831 5.000000000013149 4.998204948768176 4.999991290964136 4.99992276018768 5.27450325244483 4.758248558769095 5.27450325244483 4.999945361651478 4.999999999999998 4.997670935774418 4.999999999999665 4.99999999999999 4.550268142294136 4.999999999999996 4.999999999999998 5 4.99975458352759 4.999999999999999 4.549999999999998 4.999999999999996 4.999842146154124 5.209933065922564 4.999999999999804 4.999991703939447 4.700022222780505 4.999999999999999 4.999999999999996 4.999996093734052 4.550297774342642 5 4.702766710487629 4.700001250985319 5.000000000000001 4.60172132393993 4.999774144251445 4.700000549185234 4.99999999985112 4.700217179224625 4.999999563377727 4.850220501094727 4.998241976988191 4.999999999999996 4.999999999053736 4.999999999999999 4.999999999999996 4.999999658513382 4.999999999999999 4.999999999999385 4.550142036585725 4.999999999999996 4.994916590540809 4.999869022581029 4.999999915072158 4.999991140153748 4.999996589598209 5 4.700196564020295 4.999979358996814 4.699999999910122 4.999999999999998 4.999999999951744 4.700000000870285 4.707303222818741 4.999999999999997 4.999973151377708 4.999999992119404 4.999999999999996 4.999996197551222 4.999999999999998 4.70000000158035 4.70000000158035 4.999999882115405 5 5 4.700000738544156 4.999997400073227 4.999999999896021 4.700000005011184 4.999999999999996 4.93836888851758 3.665905601788602 4.999999999999998 4.999999999999999 4.999999999981904 5.000000000000001 4.700000955305515 4.999999999630566 4.999999999630566 4.999997993830329 4.999941881463554 5.000000000000001 5.000000000001231 5 4.459802787848438 4.999999967878622 4.700000011131328 4.999999302840076 4.699856660378445 5.001197368803799 4.999999999999996 4.725753855524276 5.274620130912776 4.70243557648651 4.995023764391307 4.999999999763959 5.119997992856208 5.006926872031608 4.999998600118574 4.961463107133537 4.998132080321171 4.999999010325455 4.999999999999997 4.99977158250941 5 4.709635330275249 4.550010800989249 4.719911408179731 4.999999999813268 4.814517724122664 4.999999999999998 4.999999999998407 4.999999999999996 4.999999999999993 4.550000000543866 4.999921122379837 4.999999999999997 4.999296804858608 4.999999999999932 4.999999999999998 5 4.999999999999998 4.999999999999997 4.999999999999999 4.369114116429186 4.993940054167179 4.9943291635715 4.819737029448572 4.999999999999998 4.999999999996144 4.999999999999998 4.999999999999996 5.000000000000013 4.999999999999996 4.69999995516067 3.690459689206979 4.999999987557621 4.999999999999996 4.999999999999997 4.999999999999996 4.700352538559619 4.999999999999998 4.699999999907575 4.70064224627655 4.964902660352784 4.020873088237372 4.999999996903882 4.99999999997124 4.999999999999997 4.999731108375192 3.819826249649914 4.999999999999988 4.999999999999997 4.700417057738409 4.999999999898277 4.99999996632867 4.999999957899764 4.700000059169661 4.936359275102895 4.709249567164038 4.999861505575546 4.669768852545152 4.999999996328064 4.550008779085254 4.999999999999472 4.999999999999997 4.999988522916856 4.999999999972411 4.700014116791555 4.7001000756289 4.999933477411576 4.999999999999996 4.996159666268454 