# Created by Octave 3.8.1, Fri Apr 10 22:08:50 2015 CEST <magnux@magnux-laptop>
# name: prediccio
# type: matrix
# rows: 1
# columns: 979
 4.583297748917732 4.766494098060014 4.817493391701237 4.594362549065679 4.905943334326476 4.864726720426396 4.755904993530199 4.586513569463293 5.025680355088164 4.928582254043127 4.656968855954481 4.673685861504904 4.586336397815939 4.547628518977759 4.749112948730913 4.767827898712029 4.489513697524124 4.59026107661653 4.8323296841461 4.926295004303114 4.981190408849969 4.8323296841461 5.074211297687154 5.074211297687154 4.790907674919915 4.802934971960028 4.645809241243197 4.568349739283886 4.856886061126596 4.877630595360175 5.19954450803341 4.726880974644987 4.659191745986444 4.672841487559221 4.81538111122139 4.705789950623215 4.753038634241213 4.751237043416384 4.890884919158784 4.731048410618756 4.731048410618756 4.922017005316804 4.787704487054822 4.787704487054822 4.816127923731479 4.871306209479527 4.879290436706694 4.637064733737787 4.59099397743001 4.891362892267257 4.267068583145315 4.829824840083311 4.599116906241307 4.916757191137657 4.800745819225744 4.837474550248987 4.634588692323167 4.684371876515484 4.867288248892748 4.922973698099576 4.983391385456028 4.683354891924771 4.459543459104979 4.995633386524357 4.736466415925998 4.786624131592507 4.486778352873003 4.606810768426428 4.90362164127733 4.842066672031867 4.711159117968941 4.703776807223797 4.838721453907177 4.715620977431515 5.007730973548856 4.715201675149771 4.776454651492845 5.013779582232033 4.655081489488754 4.599115706213881 4.918469150912191 4.736922019448573 4.695877166044329 4.528628681869727 4.918469150912191 4.903697407045129 4.355908520853127 5.01809591850268 4.664351198693534 4.664351198693534 5.037538728772475 4.663387795815223 4.823747031648546 4.611433550851712 4.562081775917682 5.28437715439089 5.015079182198297 4.252294324353833 4.714983994390073 4.371645483533811 5.046487273192643 4.695092964535024 4.587984112274479 4.532590425539189 4.655878404425183 4.748931941166793 5.035890081165126 4.637687415900849 4.834283343083931 4.919019188388611 4.895528879968778 4.380109619633084 4.729717095792882 4.717757242550439 4.746875192648604 4.704204565765738 4.819429312419104 4.710931719435983 4.660578931832501 4.751197476472721 4.840787428274545 4.597512713222367 4.651194456861175 4.225211913171105 5.289361713218525 4.80230090478571 4.893466927161548 4.637241220631875 4.938482858431169 4.938482858431169 4.921339409228991 4.925756459327854 4.64425787506651 4.734462623532194 4.79597470206734 4.79682073956454 4.661236247538935 4.717362451753964 4.707293603927388 4.645809241243197 4.635509531383731 4.94449529365744 4.763079596837576 4.694080823675657 4.804836670417927 5.306884569708766 5.001400228080707 4.352856444084785 4.783428858499075 4.946468592606452 4.946468592606452 4.771250331109095 4.442031032998282 4.659708267336179 4.942387847501463 4.348677421045904 4.244305911573639 4.753742355855781 4.258438237458098 4.760117627533909 4.640708727750008 4.437815994097087 4.895792403324531 4.786761329293054 4.679168303288875 4.440267967683925 4.653923440434411 4.79872062870478 4.732303700187288 4.214011341886279 4.877548660162478 4.732402855720751 4.807196165077778 4.553387185492289 4.689135255684384 5.015361871757129 4.748823586691319 4.829210377762475 4.725343536937655 4.958736941233327 4.712628066098324 4.760709363497717 4.946468592606452 4.589233857421807 4.537460967251489 4.670597555510596 4.771683103874084 4.689201458430107 4.677077534330301 4.820009062162943 4.645648260086801 4.279268240880653 4.81113070313935 4.935861102331986 5.093511024054872 4.760773896414483 4.683086163025956 4.752266687378246 4.982177710174851 4.660990000867123 4.564086572893915 4.675438688590788 4.712167732771447 4.797445355674777 4.59584501610296 4.209342823208292 4.704451394765827 4.734441448720068 4.746559532374961 4.545875512180953 5.060126254245877 4.747875868780478 4.941957349966896 4.818330917426337 4.915063218862867 4.842678284276948 4.710507599730608 4.602175515548382 4.596004430931978 4.61646328624676 4.662419421815915 4.818922446033555 4.591388073980112 4.775159258549741 4.731394380595732 4.618084556475246 4.540491898456799 4.689742205995588 4.589703076416233 4.504495461347703 4.657911224997035 4.89038529060718 5.037319462552929 4.657911224997035 4.832698062067481 4.856898535992367 4.832698062067481 4.751237043416384 4.284415679346137 4.741668980237932 4.72574210159902 4.710981810954186 4.659708267336179 4.659708267336179 4.807707558249356 4.586788106000913 4.769400487238876 4.525911222282504 5.094206562707162 5.040629418369042 4.729239004604769 4.807707558249356 4.746276291199955 4.884863056303559 4.719093148999089 4.510621386382458 4.585060310578185 4.710062448423034 4.8400982879743 4.859962894456497 4.700083683761008 4.688611804796856 4.838835132145934 4.671967382709038 4.973416261690213 4.674135076397704 4.695193539172471 4.863261619563502 4.573975755321497 4.604324845121114 4.912805557121123 4.703224221592707 4.680307035214118 4.789121594925073 4.698523377529739 4.90370208793744 4.88394629781047 4.837543967105664 4.88394629781047 4.853448997855563 4.802535621649517 4.714989427587586 4.836516433346274 4.938398129981176 4.580434161857467 4.964564589721848 4.903511384963633 4.51384693471142 5.143177854014571 4.846973289920958 4.730007401867661 4.769356239738446 4.621974483034538 4.832464325336317 4.529398435628819 4.64511695715593 4.995420881825963 4.849861441216581 5.001854908510323 4.538649276894679 4.576785853682635 5.064225964904991 4.787066792624828 4.78705998579762 5.152424722280823 4.586788106000913 5.128249340793006 4.803479959708475 4.81411565526262 4.633064523608497 4.589679094077775 4.643629578526326 4.782157517074349 4.890835464214447 4.746283025307299 4.81732355871247 4.787019001778336 4.432815674392911 4.837287590797363 4.694697719907043 4.297779105289898 4.81955341382665 4.520483074364097 4.632622722900261 4.712561928042177 4.826525890820699 4.82404728646416 4.899622669314495 4.373484901933253 4.69790624687694 4.649671993865332 4.678174592183266 4.986955869926857 4.29286335680263 4.836030093470099 4.949841194969398 4.694583782790662 4.814480795127075 4.481393642635481 4.863315951078678 4.851673296600293 4.664354986182408 4.664354986182408 4.620728477583144 4.853167458762258 4.784035765829859 4.503725043961347 4.981011314443044 4.959859767142962 4.651194456861175 5.04241985470014 4.734763123456739 4.585993526946481 4.948283096251705 4.829024672019291 4.870744464963063 4.660436519897982 4.628999920415866 4.596600269389899 4.596600269389899 4.764114862671657 4.30955526183915 4.691230313993741 4.739182182983049 4.757872448786541 4.572859546408019 4.830869711600296 4.61875812419472 4.684955847537132 4.689353726173033 4.816224197726547 4.77569455870115 4.716307956222226 4.887431810757724 4.310828573193736 4.804981086742342 4.643629578526326 4.875922315658223 4.724320436445614 4.613728900053797 4.792960457380807 4.581857506638939 4.705753349324764 4.919844184847887 4.649883332776709 4.69189340732808 4.62672343229529 5.010047288964681 4.874551807353843 4.528177699477856 4.835553444658724 5.006442358515216 4.743780464439483 4.670911692448117 4.504983972446734 4.702653007850595 4.681391678043614 4.882036946817054 4.675617538664087 4.611433550851712 4.658092391718555 4.676890171779815 5.105281990033729 4.872565760979289 4.454770832806336 4.724063981962469 4.729707904361858 4.700934586398322 4.540386058778977 4.608112309690025 4.578628327167502 4.69817153582812 4.81044682315138 4.755136906722734 4.81044682315138 4.469590236409259 4.699037492839742 4.861581273252947 4.680613942394259 4.840563462352629 4.850236063503403 4.733684107468584 4.857906278316855 4.487231539434076 4.745283572170049 4.883277613282345 4.722120260949912 4.887219433242469 4.925210407212694 4.783348821034607 4.981153238009936 4.617227669247606 4.903469840239954 4.90749167890326 4.397813698089046 4.842678284276948 4.613025170864486 4.962024144293289 4.643304729425841 