# Created by Octave 3.8.1, Fri Apr 10 22:11:15 2015 CEST <magnux@magnux-laptop>
# name: prediccio
# type: matrix
# rows: 1
# columns: 979
 4.725033308258153 4.715116354265153 4.903585127746227 4.999685086092063 4.999999993098586 4.999997252733955 4.869455051328002 4.886107942202254 4.512965165769745 4.726490904676042 4.988301166342223 4.892857013365844 4.720737079883283 4.854611896100587 4.95357966483815 4.999999934726699 4.761126515686784 4.739790143829413 4.780963747942421 4.712903509114327 4.76279150885969 4.780963747942421 4.986074375582574 4.986074375582574 4.558396316088785 5.000000000000001 4.404780205715238 4.786684454142149 4.966114379681841 4.963020845450276 4.797369530069317 4.998536578065075 4.754733119074413 4.556744110300754 4.941679479418502 4.72188627204712 4.683182445027843 4.99999967773326 4.985365220936181 4.93871877427236 4.93871877427236 4.974994353927614 4.804047158247733 4.804047158247733 4.713490452393509 4.997449588688112 4.99971541592471 4.855870715084203 4.604380767650607 4.999992004772315 4.650755233951859 4.944271012296471 4.806192231256767 4.791109918576532 4.999999999999988 4.999081719425689 4.908874709083547 4.554087033099306 4.975856509075232 4.999999999999726 4.999999999724246 4.994688032935359 4.92801509530852 4.84802721602787 4.996763999051187 4.45574457683464 4.581397053320843 4.803806626175763 4.978047671371459 4.999999999999997 4.846455154123911 4.809648762253605 4.757625119521355 4.847859790227377 4.999678569552509 4.858985186012248 4.995064911512493 4.469642241048671 4.651762952291942 4.420172137575068 4.999999999999996 4.752807205756702 4.874141259348978 4.747193146630539 4.999999999999996 4.416537330489303 4.472285343365709 4.999999999999888 4.855022533441157 4.855022533441157 4.994752790724246 4.998472350056545 4.999999999999997 4.559341903817339 4.668750901954677 4.992613200603845 4.896185105684063 4.424841635415071 4.71943819970201 4.555839284416773 4.828329692686189 4.992774976198138 4.3412727757115 4.547339649666661 4.863112510345366 4.842443446499206 4.711721691820513 4.991340857117583 4.792059490092433 4.76577926549029 5 4.530739728889329 4.72179177874704 4.956769990525959 4.801969706813873 4.928515136295294 4.999999733214536 4.833184045078381 4.726185744653307 4.736491462489002 4.971277533977211 4.44126927432488 4.784667264757505 4.718625275848015 4.934884450544732 4.863014914878244 4.664515053645428 4.979668922662447 4.932960724652694 4.932960724652694 4.584731347522246 4.998906729749572 4.718000060201746 4.772834279666407 4.994920066196973 4.804056765199809 4.415060777388818 4.99460095293989 4.844873134009549 4.977992240085359 4.982168250751331 4.999999999999999 4.999999999987221 4.764294507471059 4.637499536264856 4.772059741626022 4.948712595111487 4.750174801949572 4.999999999999998 4.999655452684722 4.999655452684722 4.857024775503225 4.306947907727194 4.794996869752773 4.760553294930032 4.920897891750357 4.990616284173541 4.691580069535847 4.862397933992265 4.962118176097818 4.501837334598934 4.997913304317775 4.999999999999997 4.175911937841372 4.999928878388046 4.856383103734779 4.965504575258494 4.974409040585409 4.690101423765535 4.834547671911579 4.999958088754525 4.860717784907147 4.923029322846658 4.707687173290495 4.922208957539588 4.999999999999901 4.99982153825898 4.511841162734219 4.855083992339406 4.998874853635374 4.79594458956745 4.872685371643166 4.99887703503166 4.844590263189683 4.782639900819835 4.748378737311464 4.724963714995631 4.999994680133128 4.70904595504869 4.710182003165042 4.962530938415071 4.352161814719911 4.934302138121313 4.615527060414432 4.928854179963687 4.967799901088224 4.983027310927409 4.98171260352821 4.96917993368301 4.999852284937099 4.999879018242122 4.714250360351623 4.947624590771817 4.841965645145954 4.965691324387707 4.258620514907595 4.855847899638752 4.999683154498514 4.998450576287866 4.953637040059272 4.686455288372181 4.999293281843586 4.285006366860606 4.999999999999998 4.720409082024953 4.999999999999996 4.577865315681898 4.998819215534461 4.811898545859407 4.817433063362582 4.68136420492233 4.695179582813641 4.982542631167914 4.949415720592247 4.873709978125897 4.818349468512261 4.613495816136287 4.570488437668355 4.934085039441209 4.726191859091489 4.647616735497034 4.928320572316942 4.898016181948623 4.647616735497034 4.713738285115834 4.849990406286564 4.713738285115834 4.755328105871127 4.069475186732207 4.999988402864314 4.733248640824145 4.999621548070874 4.778727900644959 4.785345717040641 4.999999999692842 4.566923621266318 4.914017597229117 4.824200781319488 4.910042432001031 4.801105031933565 4.976014477601762 4.999999024136946 4.996969569752046 4.821471828607103 4.906172836062675 4.998238136655632 4.970204216822905 4.904644772446023 4.988935265252035 4.999999999999809 4.600117799966736 4.853795534619456 5 4.602748771767535 4.991800771318776 4.853386994900028 4.986182504044861 4.693123957972325 4.703733436873782 4.763952144346161 4.999999999999996 4.584958430162111 4.994664862485011 4.892656304229051 4.882454075220466 4.999999999999998 4.999630325084101 4.793935171282592 4.999630325084101 4.999997914649155 4.999996114187368 4.470482549367353 4.912174820916967 4.427555833012669 4.851557041002343 4.999999999999987 4.916717813367903 4.984598073600797 4.440801601232483 4.99999999999985 4.999999921563184 4.999999649687657 4.990082076220641 4.999999742474736 4.985700574549042 4.922196581013856 4.550940932772907 4.999999994604162 4.99999995380702 4.997510469082064 4.988294680324826 4.99999990128244 4.630607285209712 4.999663444655951 4.586227984003394 4.893166979951593 4.816555910734195 4.962196776231015 4.896084790841704 4.653251101191467 4.997840093659602 4.857348467595823 4.589787379403614 4.942026500915897 4.602406456077224 4.999999999999996 4.899392094690421 4.988463341225638 4.999999999765315 4.415240017295443 4.493701939050226 4.99999999989917 4.64492039357641 4.999995987099334 4.783306538558239 4.77870327942991 4.953070794004374 4.602089210886243 4.790617427597676 4.445912280196414 4.798486492408343 4.563815115534481 4.989025554196649 4.937917245150091 4.641643057933134 4.702716379256485 4.595841335086407 4.999203886561028 4.407294872276113 4.999692328145316 4.999999999802412 4.828805434740828 4.828805434740828 4.72427078558409 4.994540636207338 4.989982456412766 4.792125427254555 4.686389163041496 4.950731944548808 4.941376063733888 4.705412138917772 4.619717429815373 4.589049911556605 4.990761224033363 4.99999999999999 4.999999999999998 4.618541251323678 4.899051831931186 4.996700003522199 4.996700003522199 4.96273758988626 4.440862076848748 4.406259155889875 4.99956309697279 4.889234027520164 4.349495591935292 4.8157693189691 4.986240730019787 4.893874812147087 4.851939749979374 4.999997899544997 4.93210229162593 4.740984686059354 4.999643321350792 4.944458811652708 4.820688258475315 4.776854312299633 4.999528218537565 4.998413086740985 4.969652318016294 4.967148419353625 4.790746925442403 4.798399268020597 4.936661626688946 4.688623191797278 4.571764112901329 4.787500898371855 4.800783797201972 4.999621140197618 4.927958814429308 4.919145224826901 4.747698988532894 4.999990853588466 4.793878928813537 4.447666725477549 4.5653951041793 4.880379171725807 4.672292366913804 4.959110663832527 5 4.863164738769727 4.858676570074032 4.713089102620583 4.999505714851253 4.895605549031449 4.830534132607201 4.853340832710388 4.915336361492967 4.85285742648304 4.557728793748169 4.742637913563561 4.509209959233827 4.712005948351892 4.867588989422621 4.712005948351892 4.948844167135086 4.722426527777653 4.952685450924442 4.460235223216851 4.999999999999997 4.999999999999998 4.999899378785776 4.61932935976279 4.999623102852402 4.879160674937655 4.997202540210932 4.612793671102215 4.407710279346605 4.933254228533734 4.720707304369761 4.963790609707971 4.850040769661623 4.998116685037751 4.999999999999983 4.482936051548857 4.945218671210594 4.719234323412933 4.739797639914785 4.881727124464937 4.934733791466474 4.999991456703538 